00,20160930170656,05
10,4601040302817326,BSB,37529,0025059,51;52;53;54;55;56;57;58;45;46;9;20;21;22;23;24;60;61;62;63,FREE,N,20260809,Y
10,4601040318544856,BSB,37529,0024515,51;52;53;54;55;56;57;58;45;46;9;20;21;22;23;24;60;61;62;63,FREE,N,20260809,Y
10,4601010417804998,BSB,37529,0035988,51;52;53;54;55;56;57;58;45;46;9;20;21;22;23;24;60;61;62;63,FREE,N,20260809,Y
10,4601040362468267,BSB,37529,0091985,51;52;53;54;55;56;57;58;45;46;9;20;21;22;23;24;60;61;62;63,FREE,N,20260809,Y
10,4601040304504500,BSB,37529,0012792,51;52;53;54;55;56;57;58;45;46;9;20;21;22;23;24;60;61;62;63,FREE,N,20260809,Y
10,4601040307904574,BSB,37529,0091986,51;52;53;54;55;56;57;58;45;46;9;20;21;22;23;24;60;61;62;63,FREE,N,20260809,Y
10,4601040309469766,BSB,37529,0012760,51;52;53;54;55;56;57;58;45;46;9;20;21;22;23;24;60;61;62;63,FREE,N,20260809,Y
10,4601040303854179,BSB,37529,0091987,51;52;53;54;55;56;57;58;45;46;9;20;21;22;23;24;60;61;62;63,FREE,N,20260809,Y
10,4601040302213757,BSB,37529,0091988,51;52;53;54;55;56;57;58;45;46;9;20;21;22;23;24;60;61;62;63,FREE,N,20260809,Y
10,4601040300971364,BSB,37529,0091989,51;52;53;54;55;56;57;58;45;46;9;20;21;22;23;24;60;61;62;63,FREE,N,20260809,Y
10,4601040303742952,BSB,37529,0091990,51;52;53;54;55;56;57;58;45;46;9;20;21;22;23;24;60;61;62;63,FREE,N,20260809,Y
10,4601040305590862,BSB,37529,0091991,51;52;53;54;55;56;57;58;45;46;9;20;21;22;23;24;60;61;62;63,FREE,N,20260809,Y
10,4601040301362902,BSB,37529,0091992,51;52;53;54;55;56;57;58;45;46;9;20;21;22;23;24;60;61;62;63,FREE,N,20260809,Y
10,4601240506419677,BSB,37529,0091993,51;52;53;54;55;56;57;58;45;46;9;20;21;22;23;24;60;61;62;63,FREE,N,20260809,Y
10,4601040303989124,BSB,37529,0091994,51;52;53;54;55;56;57;58;45;46;9;20;21;22;23;24;60;61;62;63,FREE,N,20260809,Y
10,4582840800490457,BSB,37529,0091995,51;52;53;54;55;56;57;58;45;46;9;20;21;22;23;24;60;61;62;63,FREE,N,20260809,Y
10,4601040303807334,BSB,37529,0033308,51;52;53;54;55;56;57;58;45;46;9;20;21;22;23;24;60;61;62;63,FREE,N,20260809,Y
10,4601040300354256,BSB,37529,0020823,51;52;53;54;55;56;57;58;45;46;9;20;21;22;23;24;60;61;62;63,FREE,N,20260809,Y
10,4601040307105198,BSB,37529,0091996,51;52;53;54;55;56;57;58;45;46;9;20;21;22;23;24;60;61;62;63,FREE,N,20260809,Y
10,4601040301668175,BSB,37529,0023668,51;52;53;54;55;56;57;58;45;46;9;20;21;22;23;24;60;61;62;63,FREE,N,20260809,Y
10,4601040309158591,BSB,37529,0022559,51;52;53;54;55;56;57;58;45;46;9;20;21;22;23;24;60;61;62;63,FREE,N,20260809,Y
10,4601040308207142,BSB,37529,0091997,51;52;53;54;55;56;57;58;45;46;9;20;21;22;23;24;60;61;62;63,FREE,N,20260809,Y
10,4601040302304580,BSB,37529,0022788,51;52;53;54;55;56;57;58;45;46;9;20;21;22;23;24;60;61;62;63,FREE,N,20260809,Y
10,4601010403341427,BSB,37529,0026824,51;52;53;54;55;56;57;58;45;46;9;20;21;22;23;24;60;61;62;63,FREE,N,20260809,Y
10,4601040308447201,BSB,37529,0026236,51;52;53;54;55;56;57;58;45;46;9;20;21;22;23;24;60;61;62;63,FREE,N,20260809,Y
10,4601040304401707,BSB,37529,0015828,51;52;53;54;55;56;57;58;45;46;9;20;21;22;23;24;60;61;62;63,FREE,N,20260809,Y
10,4601040303296751,BSB,37529,0025297,51;52;53;54;55;56;57;58;45;46;9;20;21;22;23;24;60;61;62;63,FREE,N,20260809,Y
10,4601040303838636,BSB,37529,0091998,51;52;53;54;55;56;57;58;45;46;9;20;21;22;23;24;60;61;62;63,FREE,N,20260809,Y
10,4601040309787738,BSB,37529,0031128,51;52;53;54;55;56;57;58;45;46;9;20;21;22;23;24;60;61;62;63,FREE,N,20260809,Y
99,31
