00,20160930180658,05
10,4601040317349182,BSB,37529,0035549,51;52;53;54;55;56;57;58;45;46;9;20;21;22;23;24;60;61;62;63,FREE,N,20260809,Y
10,4601040311317664,BSB,37529,0035620,51;52;53;54;55;56;57;58;45;46;9;20;21;22;23;24;60;61;62;63,FREE,N,20260809,Y
10,4601040316279257,BSB,37529,0036637,51;52;53;54;55;56;57;58;45;46;9;20;21;22;23;24;60;61;62;63,FREE,N,20260809,Y
10,4601010412277489,BSB,37529,0036735,51;52;53;54;55;56;57;58;45;46;9;20;21;22;23;24;60;61;62;63,FREE,N,20260809,Y
10,4601240539424322,BSB,37529,0091999,51;52;53;54;55;56;57;58;45;46;9;20;21;22;23;24;60;61;62;63,FREE,N,20260809,Y
10,4601010436139541,BSB,37529,0035762,51;52;53;54;55;56;57;58;45;46;9;20;21;22;23;24;60;61;62;63,FREE,N,20260809,Y
10,4601010452472875,BSB,37529,0032304,51;52;53;54;55;56;57;58;45;46;9;20;21;22;23;24;60;61;62;63,FREE,N,20260809,Y
10,4601040302077962,BSB,37529,0023386,51;52;53;54;55;56;57;58;45;46;9;20;21;22;23;24;60;61;62;63,FREE,N,20260809,Y
10,4601040307724774,BSB,37529,0030641,51;52;53;54;55;56;57;58;45;46;9;20;21;22;23;24;60;61;62;63,FREE,N,20260809,Y
10,4601040304621197,BSB,37529,0092000,51;52;53;54;55;56;57;58;45;46;9;20;21;22;23;24;60;61;62;63,FREE,N,20260809,Y
10,4601040300981520,BSB,37529,0092001,51;52;53;54;55;56;57;58;45;46;9;20;21;22;23;24;60;61;62;63,FREE,N,20260809,Y
10,4601040302648176,BSB,37529,0092002,51;52;53;54;55;56;57;58;45;46;9;20;21;22;23;24;60;61;62;63,FREE,N,20260809,Y
10,4601040303950696,BSB,37529,0092003,51;52;53;54;55;56;57;58;45;46;9;20;21;22;23;24;60;61;62;63,FREE,N,20260809,Y
10,4601040307419854,BSB,37529,0092004,51;52;53;54;55;56;57;58;45;46;9;20;21;22;23;24;60;61;62;63,FREE,N,20260809,Y
10,4601040304304125,BSB,37529,0092005,51;52;53;54;55;56;57;58;45;46;9;20;21;22;23;24;60;61;62;63,FREE,N,20260809,Y
10,4601040300131001,BSB,37529,0092006,51;52;53;54;55;56;57;58;45;46;9;20;21;22;23;24;60;61;62;63,FREE,N,20260809,Y
10,4601040308714329,BSB,37529,0092007,51;52;53;54;55;56;57;58;45;46;9;20;21;22;23;24;60;61;62;63,FREE,N,20260809,Y
10,4601040308430850,BSB,37529,0092008,51;52;53;54;55;56;57;58;45;46;9;20;21;22;23;24;60;61;62;63,FREE,N,20260809,Y
10,4601040305864176,BSB,37529,0092009,51;52;53;54;55;56;57;58;45;46;9;20;21;22;23;24;60;61;62;63,FREE,N,20260809,Y
10,4601040302163036,BSB,37529,0092010,51;52;53;54;55;56;57;58;45;46;9;20;21;22;23;24;60;61;62;63,FREE,N,20260809,Y
10,4601040301850161,BSB,37529,0092011,51;52;53;54;55;56;57;58;45;46;9;20;21;22;23;24;60;61;62;63,FREE,N,20260809,Y
10,4601040300493104,BSB,37529,0022555,51;52;53;54;55;56;57;58;45;46;9;20;21;22;23;24;60;61;62;63,FREE,N,20260809,Y
10,4601040306420028,BSB,37529,0012500,51;52;53;54;55;56;57;58;45;46;9;20;21;22;23;24;60;61;62;63,FREE,N,20260809,Y
10,4601040304435978,BSB,37529,0020408,51;52;53;54;55;56;57;58;45;46;9;20;21;22;23;24;60;61;62;63,FREE,N,20260809,Y
99,26
